1
1.00196
1.00588
1.01178
1.01968
1.02962
1.04161
1.0557
1.07192
1.09033
1.11097
1.13389
1.15915
1.18679
1.21688
1.24947
1.28459
1.3223
1.36263
1.40559
1.45121
1.49947
1.55034
1.60378
1.6597
1.71798
1.77848
1.84101
1.90532
1.97112
2.03806
2.10573
2.17365
2.2413
2.30805
2.37325
2.43615
2.49595
2.5518
2.60282
2.64807
2.68663
2.71754
2.7399
2.75284
2.75556
2.74736
2.72768
2.69608
2.65233
2.59637
2.52837
2.44871
2.35801
2.25711
2.14708
2.02918
1.90482
1.77557
1.64309
1.50907
1.37523
1.24321
1.11457
0.990728
