1
1.00049
1.00147
1.00293
1.00489
1.00734
1.01029
1.01374
1.01768
1.02213
1.02708
1.03254
1.03852
1.04502
1.05204
1.05959
1.06767
1.07629
1.08545
1.09516
1.10543
1.11626
1.12766
1.13963
1.15218
1.16532
1.17905
1.19339
1.20833
1.22388
1.24005
1.25684
1.27426
1.29232
1.31101
1.33035
1.35033
1.37096
1.39223
1.41416
1.43675
1.45998
1.48385
1.50838
1.53354
1.55933
1.58575
1.61278
1.64041
1.66863
1.69743
1.72678
1.75666
1.78705
1.81792
1.84924
1.88098
1.91311
1.94559
1.97836
2.01139
2.04463
2.07802
2.1115
2.14502
2.1785
2.21188
2.24508
2.27802
2.31063
2.34281
2.37447
2.40552
2.43587
2.4654
2.49402
2.52162
2.54809
2.57331
2.59716
2.61955
2.64034
2.65942
2.67668
2.69199
2.70524
2.71632
2.72513
2.73155
2.73548
2.73683
2.73551
2.73143
2.72453
2.71474
2.70199
2.68625
2.66748
2.64566
2.62078
2.59284
2.56185
2.52786
2.4909
2.45103
2.40833
2.36289
2.3148
2.2642
2.2112
2.15596
2.09863
2.03938
1.97839
1.91585
1.85196
1.78692
1.72095
1.65426
1.58707
1.51959
1.45206
1.38467
1.31766
1.25122
1.18557
1.12088
1.05736
0.995158
