1
1
1.00195
1.00586
1.01173
1.01957
1.0294
1.04126
1.05515
1.07112
1.08921
1.10944
1.13187
1.15653
1.18347
1.21274
1.24436
1.27839
1.31484
1.35376
1.39514
1.43899
1.4853
1.53404
1.58515
1.63856
1.69415
1.75179
1.81128
1.87242
1.93492
1.99847
2.0627
2.12716
2.19135
2.25474
2.31667
2.37649
2.43342
2.48669
2.53543
2.57876
2.61577
2.64552
2.66711
2.67964
2.68229
2.67429
2.65499
2.62388
2.58059
2.52497
2.45706
2.37713
2.28569
2.18352
2.07163
1.95125
1.82386
1.6911
1.55475
1.41668
1.2788
1.143
1.01108
