1
1
1.00049
1.00146
1.00293
1.00489
1.00733
1.01027
1.0137
1.01763
1.02206
1.02699
1.03242
1.03837
1.04482
1.05179
1.05928
1.0673
1.07585
1.08493
1.09455
1.10472
1.11544
1.12671
1.13855
1.15095
1.16393
1.17749
1.19163
1.20636
1.22169
1.23762
1.25416
1.2713
1.28906
1.30744
1.32645
1.34607
1.36633
1.38721
1.40872
1.43086
1.45363
1.47702
1.50104
1.52566
1.5509
1.57674
1.60316
1.63017
1.65774
1.68586
1.71452
1.74368
1.77333
1.80344
1.83399
1.86494
1.89626
1.92791
1.95985
1.99204
2.02442
2.05695
2.08957
2.12222
2.15483
2.18735
2.2197
2.2518
2.28357
2.31494
2.34581
2.37609
2.40569
2.43451
2.46244
2.48939
2.51525
2.5399
2.56323
2.58514
2.60549
2.62419
2.6411
2.65612
2.66914
2.68003
2.68869
2.695
2.69888
2.70021
2.69891
2.69488
2.68806
2.67836
2.66572
2.6501
2.63146
2.60975
2.58497
2.55712
2.52619
2.49222
2.45524
2.4153
2.37248
2.32685
2.27851
2.22759
2.1742
2.11849
2.06062
2.00075
1.93907
1.87578
1.81106
1.74515
1.67825
1.61059
1.5424
1.47391
1.40536
1.33697
1.26898
1.2016
1.13505
1.06955
1.00529
