1
1.00024
1.00098
1.0022
1.00391
1.00611
1.00881
1.012
1.01569
1.01987
1.02456
1.02976
1.03546
1.04168
1.04841
1.05567
1.06346
1.07177
1.08062
1.09002
1.09996
1.11045
1.12151
1.13313
1.14532
1.15808
1.17144
1.18538
1.19991
1.21505
1.23079
1.24715
1.26412
1.28171
1.29993
1.31879
1.33827
1.35839
1.37915
1.40055
1.42259
1.44527
1.46858
1.49253
1.51711
1.54231
1.56813
1.59455
1.62158
1.64918
1.67736
1.70608
1.73534
1.76511
1.79537
1.82608
1.85722
1.88875
1.92064
1.95285
1.98533
2.01804
2.05093
2.08393
2.117
2.15007
2.18307
2.21593
2.24858
2.28094
2.31292
2.34445
2.37542
2.40574
2.43532
2.46406
2.49184
2.51856
2.54412
2.56839
2.59127
2.61264
2.63238
2.65037
2.66651
2.68067
2.69274
2.70261
2.71016
2.71531
2.71794
2.71796
2.71529
2.70984
2.70153
2.69032
2.67614
2.65895
2.63871
2.61541
2.58905
2.55962
2.52714
2.49166
2.45322
2.41188
2.36772
2.32084
2.27134
2.21935
2.165
2.10846
2.04986
1.98941
1.92727
1.86365
1.79875
1.73279
1.66597
1.59853
1.53069
1.46267
1.39471
1.32701
1.2598
1.1933
1.1277
1.0632
1
