1
1.00098
1.00391
1.00881
1.01569
1.02456
1.03546
1.04841
1.06346
1.08062
1.09996
1.12151
1.14532
1.17144
1.19991
1.23079
1.26412
1.29993
1.33827
1.37915
1.42259
1.46858
1.51711
1.56813
1.62158
1.67736
1.73534
1.79537
1.85722
1.92064
1.98533
2.05093
2.117
2.18307
2.24858
2.31292
2.37542
2.43532
2.49184
2.54412
2.59127
2.63238
2.66651
2.69274
2.71016
2.71794
2.71529
2.70153
2.67614
2.63871
2.58905
2.52714
2.45322
2.36772
2.27134
2.165
2.04986
1.92727
1.79875
1.66597
1.53069
1.39471
1.2598
1.1277
1
